220725
02600 00884 00083 00388 01138 01658 02628 01209 02899 00101 00316 01238 01772 00819 03898 06098 00981 01310 00386 06088 00688 02601 00960 02777 01415 01398 03900 00014 02007 00880 01999 00754 09666 01385 03383 01193 02202 01898 00384 00291 00027 02689 00081 01171 00168 01109 03968 02588 00873 00570 01907 02611 00016 00179 01797 01299 00968 07300 00902 02255 01113 06862 09633 03800 00522 01813 06049 06127 01776 00665 00123 07500 01044 00412 09868 00004 01288 02252 00939 02318 09901 01928 02822 03988 01336 00868 00778 02020 03888 01972 00005 00293 00357 01798 02128 00187 01199 02380 01515 02282 00012 01882 00390 00817 00780 00558 00710 00152 01997 00631 09926 09668 00002 00011 00066 01038 00916 00992 00017 00270 00322 00354 00823 01821 02382 03328 06881 09618 09987 01066
220726
02196 09988 00388 01024 02269 02883 00005 00291 00981 01211 09999 00939 02343 03690 09888 01928 01093 09901 00168 00316 07200 07568 09922 00590 00883 01913 02899 03800 09618 09633 00753 00027 00386 00916 00136 00670 02800 03888 01521 02828 00884 00914 02688 06869 06993 00006 01109 00014 00546 02359 01299 01951 01833 01995 01030 03319 00658 00960 01548 06030 01821 01088 01907 00241 00836 01398 02333 02400 02007 06988 02238 00909 03618 06690 00425 00688 02669 00710 01516 01877 00081 02185 02869 00817 01233 01813 09626 00868 03908 00175 01658 02313 02689 02777 01876 00004 02380 00410 00535 06881 06855 01138 06808 06078 07288 00288 00823 01072 01339 02388 00772 00357 00853 00873 03968 06862 09961 00285 09992 01810 02208 09926 00857 03759 02005 02382 02285 02013 03347 02202 03360 02020 01579 00751 01666 02357 09698 00390 02096 01797 00011 00327 01177 09983 00003 00257 00819 01157 01787 01113 01055 01972 00012 00001 01288 06186 01038 01776 02328 02137 01071 06823 00023 01515 03988 03383 00152 00754 01888 00998 01800 02666 02217 02888 03669 01099 00778 00839 01128 02840 02822 01908 02255 02318 00013 01171 00123 01336 00799 00867 00165 01910 09923 09911 01415 01929 00083 00016 00019 00358 00586 00968 01898 02331 00017 00151 00267 00683 00700 01193 01208 02128 02319 02628 03328 
220727
00857 00388 00522 02137 07500 02196 00558 00179 00772 03690 06049 01797 00317 00288 00425 06865 00357 01171 00836 00799 03759 03692 00003 02252 00285 01882 01896 00002 00386 02018 01038 01579 01951 00819 02382 06837 01088 01415 06699 02333 03618 06996 01691 00123 02400 01024 03323 02666 00012 01548 02319 09923 00316 01997 06690 01818 00020 01458 02388 00175 00670 09633 00992 02833 01658 01385 02015 03988 00345 01821 02845 00753 00151 00148 02343 06098 02866 00881 00631 00168 00182 00135 02362 03993 02688 01066 01072 00322 00016 00101 00973 09999 00017 00384 01044 01876 01919 09987 00006 00066 00220 00291 00586 00867 00941 01060 01368 02638 06618 
220728
01810 01024 02822 01171 00631 02689 06988 00168 00669 00883 00992 01548 09868 01193 01211 02840 00006 02600 06098 00005 00960 07226 01339 01876 00291 07200 00384 01179 02269 01787 06869 00027 00020 07500 02382 02588 02359 02688 01030 02007 00003 01458 00688 06078 00386 00322 01044 00558 00285 01772 00002 09939 02002 01766 01128 00751 00357 00753 01093 00836 01385 00819 06837 01347 02015 00175 01415 09999 00881 02318 02823 00241 02197 03759 01797 03690 09961 01186 02020 02282 02018 00512 00867 02800 02331 02313 00772 00916 01910 01113 09969 00451 02899 02611 06996 00390 01088 00762 01109 01359 09901 00902 03347 03900 00823 00884 01268 00019 00914 02328 03968 00817 01995 01813 01908 02202 00799 00868 00101 00754 01951 03188 06186 00780 00425 02158 01911 00728 01898 02186 00013 02162 00973 01336 00267 00016 00012 00939 00066 01888 00187 02333 02888 00694 02255 00316 02628 02666 03175 06618 00165 00670 07522 03320 00590 00081 03888 02601 00270 03998 00388 01038 09626 01177 01929 09888 00392 00700 01099 01658 01821 02319 00011 00017 00083 00941 00956 01378 01801 01818 01919 01997 02388 02638 02883 03868 03988 06030 06060 09633 00151 00788 01972 
220729
00012 00823 00857 00384 01801 02343 09618 00316 00968 01797 02020 00019 00956 01929 03968 00388 02313 01347 01913 09901 03993 01211 01368 00175 01171 01919 01898 02359 01108 02208 03988 09868 00700 01691 09888 00836 06185 00710 01316 07500 00992 02600 00386 06865 09698 01071 01088 01398 01288 00006 00916 01772 02015 06186 02257 02382 01810 02845 06886 00853 03692 09995 03899 01610 02192 00763 02618 01818 02319 03969 06837 01038 00001 00066 00358 01816 01882 02840 00136 01951 02688 00220 00345 00902 02276 02357 01057 00799 02877 09987 00945 00189 00991 00570 00016 02888 02331 07299 01055 00753 06616 00576 06049 01209 07300 02238 02185 00014 02822 00083 06066 03360 02689 06030 09858 00751 00354 00941 00267 09969 00005 00839 02314 00123 03328 00257 01030 01787 01199 03669 00586 09633 02318 00004 02380 00762 00002 01776 03606 03690 03868 06618 06823 00011 00017 00142 00151 00270 00489 00548 00551 00552 00636 00683 00772 00868 00939 00998 01044 01109 01193 01299 01313 01336 01378 01766 01821 01876 01972 02018 02328 02388 02601 02638 03759 03800 03998 06060 06110 06862 00027 00152
220801
02688 00168 01209 01398 00823 00939 07500 00669 01108 01177 02196 01138 00388 03690 03998 00014 01066 00358 01109 09666 01071 09961 06865 00316 00357 01171 09698 00968 02020 00853 00881 01368 01928 00175 02333 01873 06618 06160 09618 03606 06186 00586 02382 00317 00027 01385 00694 06049 02359 02252 09922 03347 09888 01818 00819 01211 09633 00187 06837 00883 01193 09901 00941 03898 02015 09926 03692 00293 00020 01898 03188 01797 02318 00006 00005 00011 02319 00386 00013 07552 00763 06996 01024 02828 01995 00868 01088 07200 06988 00960 02883 01113 00267 00354 02338 06110 01997 01972 01316 00902 00590 00182 00017 00884 00636 01128 01929 06978 01579 00004 00012 00780 01313 02388 03328 00322 01876 03988 
