00700
09988
03690
00005
00939
01024
00388
02318
01918
01211
00941
02269
01299
00669
06098
03988
02331
09618
01398
01810
03968
00836
02319
02382
00175
06618
01801
00241
00688
00813
02388
01109
09999
01209
02020
00291
01093
01658
01177
02313
00011
09626
00020
02628
00960
00916
00570
02380
09868
01833
01772
01919
02333
02688
09888
01088
09633
00881
03323
00914
02007
00883
00873
01368
00136
01288
00968
00386
00001
06078
03800
01171
00354
06690
02899
00168
01610
06862
00763
06185
00902
02202
00981
00857
02600
01548
02013
02359
01516
02601
01999
00909
00728
00285
03759
00151
02196
01995
06186
01347
02128
00868
00027
01268
09926
09922
09992
00460
03669
00992
00016
03900
03998
03888
00884
06049
06978
01811
03898
01378
02328
03333
09666
03606
01882
03993
00322
01113
03383
01928
00853
00288
02018
00762
00189
01797
01876
00316
06865
06160
02357
09995
06060
00799
01951
01898
06606
01800
06666
01877
00257
02238
03311
00002
02338
00390
01798
00187
01579
01066
03347
03319
01186
00708
00425
01030
00998
03320
02869
00817
02883
01816
02618
01336
00003
01313
00772
00558
00586
00066
00753
01044
03380
02400
06699
01929
02208
03328
03738
01997
02777
02888
01813
01108
01208
00788
06110
00347
01157
00956
02015
00135
09939
00751
00867
03908
00384
01099
06030
01385
01776
03808
00358
01910
01083
01513
06808
00017
01193
00081
02137
00267
03883
02048
01691
01821
00880
00966
02500
01359
00392
01302
06127
02669
01458
02343
02005
01766
01339
00270
00293
00489
02588
01618
01530
09961
00012
00006
00839
03899
06818
01071
00323
00019
06855
06993
00152
03913
01913
09987
01787
00780
03692
09966
06886
02689
01600
01072
01137
00522
00716
00493
02285
00101
00710
00013
00921
00535
09969
09923
03618
06869
01966
00123
01117
01818
02057
06823
02126
00410
01638
01873
02233
01179
00303
01972
01896
00119
00552
09997
01038
01060
01415
00371
06066
00604
00819
06988
00148
02186
01812
00631
01233
00656
00023
00694
02282
02607
00083
02314
02362
03868
00696
00095
02039
09898
00338
01238
06608
09858
03613
01475
01672
03377
02666
02279
01958
00546
00520
06616
02155
02127
02727
00308
00579
00345
00327
02160
01521
01138
00670
03360
09928
02038
06806
01375
00177
01478
09698
00551
01907
01337
00014
06626
09909
00512
03877
06860
00357
00038
06158
00165
00568
03339
01515
00451
01952
09959
00302
02252
00467
02131
02009
02611
01070
03958
00598
02638
00683
03306
02877
01119
00667
02255
00576
02146
09901
01053
00382
00004
00200
00777
01112
00861
00806
00182
03396
09668
01908
00363
03709
01448
02162
02001
00973
00665
09996
01725
06996
00059
01310
00754
03969
02257
00606
00596
01199
01911
09936
02142
02185
00934
09983
02192
03818
03983
02356
00590
01628
00995
01639
09911
01558
01057
00945
00639
00636
03301
03300
06669
02772
02175
01963
09968
00548
02217
06055
00242
06099
00856
02866
01382
00107
01357
02518
01029
06998
01508
00658
00010
09993
01996
00511
00412
01883
00659
00305
01003
01681
02002
00272
01706
00297
02696
02858
01763
01860
06609
01033
03718
00906
01858
00317
00256
00178
02276
09990
01349
09960
00440
00087
02342
03390
00398
00832
01052
06968
00592
01381
01890
01183
02169
01788
03603
00743
01481
00525
02997
06600
00932
00142
01686
02678
01948
01250
01477
06830
09977
02156
02386
01456
00116
02199
02099
00776
06611
06919
02225
01905
00553
00769
06836
01167
06178
06668
00389
01660
00329
00045
00341
06989
01501
02207
01992
02019
01234
00400
02107
01383
01428
01599
01931
02163
01283
00506
02101
09991
02197
02768
03813
00069
01045
09989
00108
03337
01643
06820
03798
00173
09982
01809
06088
01432
01709
01967
00698
01373
09600
02205
02110
00120
01855
00179
09699
01266
02800
02828
03033
07200
07500
00823
07226
03067
07552
02823
02822
02845
03188
03032
02839
07568
03191
07233
07288
07300
00405
02809
03088
03173
02840
00778
02833
03147
02812
07522
03175
82822
07299
02801
02820
03134
02846
07588
03087
01503
03110
02191
07333
03001
09845
02778
87001
03132
00435
03117
08083
08032
08365
08228
00874
00991
06837
01888
01055
01316
06881
00855
01666
02158
01128
01717
00486
00220
02096
06633
01198
01617
01098
01143
06622
06677
02100
02251
02806
03115
07230
00808
07248
08437
02117
01222
03074
83012
03058
01442
01613
03037
01228
01971
02843
02231
01592
03160
08208
03176
01719
02992
02256
02708
83128
07272
01881
02210
