1652
2166
2171
2172
2177
2178
2179
2194
2195
2196
2331
2332
2333
2334
2338
2339
2340
2341
2342
2343
2349
2406
2407
2409
3640
3641
3651
3699
3962
3963
3964
3965
3968
3996
4006
4007
4046
4226
4256
4270
4318
4429
4430
4431
4432
4433
4434
4435
4436
4437
4438
4439
4440
4441
4442
4443
4444
4445
4446
4447
4448
4805
4828
4843
5385
5457
5458
5459
5461
5462
5464
5465
5466
5467
5765
6176
6318
6361
6444
6447
6448
6449
6450
6456
6466
6475
6480
6486
6489
6494
6495
6497
6501
6506
6512
6520
6524
6525
6526
6590
6591
6596
6600
6601
6617
6621
6625
6633
6634
6635
6645
6651
6656
6657
6664
6671
6672
6688
6691
6701
6704
6720
6722
6725
6727
6732
6742
6746
6748
6759
6762
6766
6788
6791
6792
6803
6810
6812
6813
6817
6819
6822
6824
6838
6864
6868
6872
6873
6896
6925
6930
6931
6935
6936
6943
6947
6950
6959
6980
6981
6998
7004
7015
7017
7021
7023
7028
7033
7034
7059
7060
7063
7067
7072
7101
7116
7119
7120
7122
7126
7144
7146
7150
7153
7157
7162
7180
7186
7208
7213
7233
7234
7237
7240
7264
7272
7274
7276
7283
7317
7326
7327
7329
7334
7352
7381
7385
7392
7396
7398
7400
7405
7409
7410
7424
7425
7427
7428
7430
7431
7436
7437
7440
7443
7450
7454
7469
7473
7475
7480
7517
7518
7528
7531
7538
7540
7541
7549
7551
7554
7558
7572
7582
7585
7586
7591
7607
7616
7619
7621
7623
7631
7634
7635
7641
7645
7648
7657
7665
7667
7669
7670
7677
7680
7696
7699
7703
7719
7730
7733
7737
7739
7743
7746
7762
7765
7766
7791
7806
7808
7812
7815
7821
7823
7836
7845
7852
7884
7885
7893
7910
7915
7917
7940
7942
7943
7950
7957
7962
7963
7965
8003
8008
8010
8034
8039
8048
8049
8050
8054
8058
8077
8081
8082
8087
8110
8125
8126
8134
8137
8142
8153
8156
8179
8185
8186
8200
8211
8219
8223
8224
8234
8242
8243
8247
8249
8252
8274
8280
8288
8295
8300
8303
8304
8314
8315
8316
8317
8322
8323
8324
8325
8326
8328
8330
8331
